"baseMean" "log2FoldChange" "lfcSE" "stat" "pvalue" "padj"
"JAJHLMMC_01864" 101.036525480052 5.60221855529569 0.437372510888375 12.8088035160615 1.46374130094509e-37 4.71175119501303e-37
"JAJHLMMC_02694" 478.314818220062 5.61580660690723 0.205818137388254 27.2852853405898 6.34127311486583e-164 5.89623798361169e-163
"JAJHLMMC_03113" 3055.18804020657 5.64315308114351 0.104419972248132 54.0428517614785 0 0
"JAJHLMMC_02032" 9776.79401216057 5.6506176603242 0.0919443760116404 61.4569145546087 0 0
"JAJHLMMC_00625" 327.98004020277 5.67984203886107 0.249837709315813 22.7341263030928 2.06033202537104e-114 1.43572121045608e-113
"JAJHLMMC_00664" 2197.73471214836 5.69133188532681 0.108227983053996 52.5865097429318 0 0
"JAJHLMMC_01909" 57.7544588728073 5.69162407605669 0.584738383070494 9.73362488395179 2.1672906029816e-22 5.48395581262639e-22
"JAJHLMMC_00618" 120.804609960392 5.75548634929365 0.414105362441273 13.8986037644221 6.45890399642587e-44 2.29707795356759e-43
"JAJHLMMC_03100" 32184.9921630333 5.799711346514 0.0852337371626503 68.0447853113198 0 0
"JAJHLMMC_00626" 111.407968531487 5.86345661286482 0.444923817093403 13.1785631328293 1.16590239036182e-39 3.87420955763933e-39
"JAJHLMMC_01263" 15261.3102975304 5.9439214238519 0.074761649164045 79.504953279047 0 0
"JAJHLMMC_01242" 4755.39903879668 5.95443162402064 0.0987042826944993 60.3259702767941 0 0
"JAJHLMMC_00623" 477.008134538161 5.96274954046258 0.226199059156084 26.3606292736528 3.87689467521132e-153 3.39036086752899e-152
"JAJHLMMC_00617" 192.620155143818 5.99207246169609 0.353756661516727 16.9384017703162 2.34406929735566e-64 1.06727756945973e-63
"JAJHLMMC_01244" 9735.56675179719 6.0068475848066 0.0865075362955556 69.4372749708652 0 0
"JAJHLMMC_01914" 31.3313811845567 6.03614630904678 0.877476495976471 6.87898346761943 6.02811549603568e-12 1.20601377422308e-11
"JAJHLMMC_00619" 181.326589263583 6.06565364709671 0.371796702408621 16.3144363782718 7.79220752873314e-60 3.36898384330521e-59
"JAJHLMMC_00842" 224.849752051387 6.07092209788883 0.341326297748594 17.7862711954307 9.02921481545855e-71 4.396401598631e-70
"JAJHLMMC_00666" 921.045581291394 6.10868943891868 0.182620773021874 33.4501346031811 2.56217471837913e-245 3.71334899325651e-244
"JAJHLMMC_01241" 2438.72770087711 6.10939739112923 0.11606134376935 52.6393818364751 0 0
"JAJHLMMC_00616" 138.805585876703 6.18294420466051 0.441417912504192 14.0070079385412 1.41230865081697e-44 5.11113341743492e-44
"JAJHLMMC_01906" 100.477076313605 6.30232273326475 0.538481365153326 11.7038826988381 1.21752384064081e-31 3.56255554128739e-31
"JAJHLMMC_01911" 7.00341335690653 6.33840242872497 1.31644751368841 4.81477792530147 1.47363677711972e-06 2.50916532320385e-06
"JAJHLMMC_00621" 142.815308402832 6.35452853222975 0.458490063945769 13.859686461998 1.11158738241211e-43 3.94421867759332e-43
"JAJHLMMC_02022" 10198.0198107258 6.41609887545824 0.0837135557894654 76.6434876042579 0 0
"JAJHLMMC_02023" 14155.9536353983 6.41804551727541 0.0787332342529842 81.5163453930148 0 0
"JAJHLMMC_02021" 11800.0597516953 6.4210230915968 0.0788846100647024 81.3976653536118 0 0
"JAJHLMMC_00620" 110.221181629784 6.43995148410864 0.534838592995951 12.0409251846143 2.16513678777392e-33 6.57205237350845e-33
"JAJHLMMC_00624" 127.179201442428 6.47776231702466 0.503781004349196 12.858290132223 7.72669644992021e-38 2.50286589096576e-37
"JAJHLMMC_02819" 302.660557212254 6.57647784205783 0.340831503080795 19.2953931271396 5.87166896206959e-83 3.17997229577348e-82
"JAJHLMMC_02020" 5878.18061395446 6.64314997125342 0.0994054778063135 66.8288118306443 0 0
"JAJHLMMC_02822" 327.57228192709 6.69210343647585 0.3381222686256 19.7919630188154 3.49173581345688e-87 1.94918416928416e-86
"JAJHLMMC_03184" 3912.6459266007 6.96520085206419 0.122289656570055 56.956581999019 0 0
"JAJHLMMC_02019" 6791.12189365164 7.1353080624182 0.104827111147033 68.0673919594146 0 0
"JAJHLMMC_02821" 9709.45094342786 7.28733160809358 0.211996462546493 34.3747792796089 6.00657575412973e-259 9.22502455373059e-258
"JAJHLMMC_02818" 2346.79376850213 7.30598054252896 0.164029289938592 44.5407069997324 0 0
"JAJHLMMC_02017" 74313.6682664808 7.32648674673601 0.0828898120599643 88.3882658756165 0 0
"JAJHLMMC_01863" 3585.30777126632 7.37824747177181 0.253896304542289 29.0600821665086 1.14765065008558e-185 1.22165432993593e-184
"JAJHLMMC_02817" 3682.38538219831 7.43431399136184 0.13951224198601 53.2878970729129 0 0
"JAJHLMMC_02820" 3116.05326306949 7.48831746484726 0.155610096783773 48.1223109529492 0 0
"JAJHLMMC_03047" 14083.450773988 7.7559057781183 0.100430051513771 77.2269421474386 0 0
"JAJHLMMC_03103" 7599.60482553945 8.16862411434157 0.219295923380021 37.2493204088708 1.0867626619378e-303 1.9969263913107e-302
"JAJHLMMC_03101" 38125.4669359514 8.25093352297586 0.286468790317043 28.8022074371324 2.01267579603381e-182 2.1133095858355e-181
"JAJHLMMC_03102" 32288.4673493255 8.34009629232749 0.295228869324161 28.249596021621 1.43969876744709e-175 1.43366132100296e-174
"JAJHLMMC_03104" 22593.8779376168 8.40626438718561 0.243853937304987 34.472539094876 2.06959767274526e-260 3.1944240078823e-259
"JAJHLMMC_03105" 24662.4780435227 8.77448231687645 0.329009806885488 26.669364053122 1.06724131077246e-156 9.49444935548875e-156
"JAJHLMMC_03106" 54646.8126941081 8.91087781273925 0.44129739521508 20.1924550413361 1.14053788928302e-90 6.61812117333963e-90
"JAJHLMMC_03109" 18448.3103581798 9.00697801422614 0.384468310915732 23.4271011641329 2.26316226135102e-121 1.6438545648919e-120
"JAJHLMMC_03107" 15394.6844762619 9.13850761424218 0.501018784049797 18.2398502913892 2.49139776126297e-74 1.26288093415744e-73
"JAJHLMMC_03108" 3589.08120622904 9.39291017474452 0.255318651554489 36.7889698522082 2.77127972397799e-296 4.7792963731397e-295
